113 137 168 17 172 179 192 225 249 70 其他 教育 购物 

0.48638584746139363 0.0 0.0 0.48638584746139363 0.48638584746139363 0.0 0.0 0.48638584746139363 0.0 0.0 0.2317654623904255 0.0 0.0 

0.0 0.5187990255581663 0.5187990255581663 0.0 0.0 0.0 0.5187990255581663 0.0 0.0 0.0 0.4387968929239259 0.0 0.0 

0.0 0.3816358498236161 0.3816358498236161 0.0 0.0 0.6774008979485379 0.3816358498236161 0.0 0.0 0.0 0.32278515741392716 0.0 0.0 

0.0 0.27558390728740023 0.27558390728740023 0.0 0.0 0.0 0.27558390728740023 0.0 0.4891594601055728 0.0 0.23308710367650579 0.4891594601055728 0.4891594601055728 

0.0 0.3816358498236161 0.3816358498236161 0.0 0.0 0.0 0.3816358498236161 0.0 0.0 0.6774008979485379 0.32278515741392716 0.0 0.0 

